0 0 0 0 0 0 0 0 0 0 0 0 0 0 0 0 0 0 0 0 0 0 0 0 0
0 0 0 0 0 0 0 0 0 0 0 0 0 0 0 0 0 0 0 0 0 0 0 0 0
0 0 0 0 0 0 0 0 0 0 0 0 0 0 0 0 0 0 0 0 0 0 0 0 0
0 0 0 3 3 3 3 3 3 3 3 3 3 3 3 3 3 3 3 0 0 0 0 0 0
0 0 0 3 5 5 5 5 5 5 5 5 5 5 5 5 5 5 3 0 0 0 0 0 0
0 0 0 3 5 0 0 0 0 0 0 0 0 0 0 0 0 5 3 0 0 0 0 0 0
0 0 0 3 5 0 0 0 0 0 0 0 0 0 0 0 0 5 3 0 0 0 0 0 0
0 0 0 3 5 0 0 0 0 0 0 0 0 0 0 0 0 5 3 0 0 0 0 0 0
0 0 0 3 5 5 5 5 5 5 5 0 0 5 5 5 5 5 3 0 0 0 0 0 0
0 0 0 3 5 5 5 5 5 5 5 0 0 5 5 5 5 5 3 0 0 0 0 0 0
0 0 0 0 0 0 0 0 0 0 0 0 0 0 0 0 0 0 0 0 0 0 0 0 0
0 0 0 0 0 0 0 0 0 0 0 0 0 0 0 0 0 0 0 0 0 0 0 0 0
0 0 0 0 0 0 0 0 0 0 0 0 0 0 0 0 0 0 0 0 0 0 0 0 0
0 0 0 3 5 5 5 5 5 5 5 0 0 5 5 5 5 5 3 0 0 0 0 0 0
0 0 0 3 3 3 3 3 3 3 3 0 0 3 3 3 3 3 3 0 0 0 0 0 0
0 0 0 0 0 0 0 0 7 7 7 7 7 7 7 7 7 0 0 0 0 0 0 0 0
0 0 0 0 0 0 0 7 8 8 8 8 8 8 8 8 8 7 0 0 0 0 0 0 0
0 0 0 0 0 0 7 8 9 9 9 9 9 9 9 9 9 8 7 0 0 0 0 0 0
0 0 0 0 0 0 0 7 8 8 8 8 8 8 8 8 8 7 0 0 0 0 0 0 0
0 0 0 0 0 0 0 0 7 7 7 7 7 7 7 7 7 0 0 0 0 0 0 0 0
0 0 0 0 0 0 0 0 0 0 0 0 0 0 0 0 0 0 0 0 0 0 0 0 0
